200
2 2
6.0268074656 36.3224082269  7.6530390068 10.2343655152
0.4584373167  0.2101647734 25.9367753933 -0.8506571355
4.7795184706 22.8437968112  5.4681629969  7.2452924839
3.8562023639 14.8702966716  7.0145816297  4.9004038288
1.9391762026  3.7604043449 15.0050447336  1.0400179870
1.5864985014  2.5169774949 18.2708195425  1.5527735684
9.2758499843 86.0413929315 24.1345913935 17.2643342355
2.9561616310  8.7388915883 10.4288697237  4.3813326059
9.9096860343 98.2018772980 30.9944241485 18.0985581868
2.0729818578  4.2972537828 14.0483212829  2.7619699364
1.8581876192  3.4528612283 16.8400767277  1.9779187556
3.0969724701  9.5912384806  8.8556274403  4.3634795756
9.6907723737 93.9110691994 27.5233823155 17.1177968170
4.9011835030 24.0215997303  5.2663666611  8.2127884021
7.9068613313 62.5184561118 14.0331594336 14.2693586261
3.4477097201 11.8867023141  8.9649119034  5.0641475925
3.9669447799 15.7366508870  6.8287500342  6.0408390597
4.4323574467 19.6457925354  5.7095067440  7.6166104783
5.8770831507 34.5401063602  7.4510673053 10.0985859166
3.3786458503 11.4152477821  9.0382858907  4.0361600891
0.8437490749  0.7119125014 22.4876936226 -0.5897356529
6.7041279429 44.9453314748  8.7245085260 10.6058749143
1.6622710581  2.7631450706 16.2458291189  0.7298779711
4.9153429794 24.1605966055  6.2973382588  8.2097826983
4.7089108440 22.1738413367  6.9206461182  6.9871058920
2.3601973897  5.5705317183 12.9490836901  2.3861705843
9.7991132809 96.0226210911 29.9592331541 16.7042016558
8.4351443425 71.1516600781 17.7797502858 14.3948930660
1.6369658719  2.6796572656 17.4667151001  0.8495023945
9.0710435237 82.2838306091 22.8056460197 15.3700923355
7.3637805584 54.2252641127 12.2502665970 12.9121914794
9.8426221378 96.8772105483 29.6051956518 16.7714650876
0.6649158853  0.4421131346 25.7455462755 -1.0459537150
7.3092053112 53.4244822819 12.1933932508 13.4604361319
0.7688721578  0.5911643950 22.9620638213 -1.4566886789
7.7146569579 59.5159319774 13.1028766963 13.5714678911
6.0826422593 36.9985368551  7.0548773134  9.7683191611
3.8680179521 14.9615628781  7.7573068482  6.6085055750
0.9919088854  0.9838832370 21.1028897031  0.6967961277
9.4350900290 89.0209238557 26.3648745806 16.0995570172
6.4094362314 41.0808728049  7.1317481201 10.0844814703
0.3077380886  0.0947027312 27.2682082613 -1.5328435371
4.5124917574 20.3625818604  6.2969360925  7.2641400967
6.6911646341 44.7716841605  8.9059469094 11.0190193079
8.7675860469 76.8705650892 19.8528655024 15.2444688520
2.5007167670  6.2535843490 12.7912546438  2.8055073239
7.4003810103 54.7656390982 12.5539148596 13.7220354157
1.0318499525  1.0647143246 22.5114447194 -0.4989501806
5.3933026762 29.0877137572  5.5626402417  8.8323643306
0.3837331033  0.1472510946 27.5435966771 -0.3285161305
2.5562079605  6.5341991376 12.1083432777  2.7390866426
6.5978890315 43.5321396723  9.3650759961 10.5730620287
2.1001857949  4.4107803730 13.4387598441  2.8992057444
4.2739388727 18.2665534878  6.7452345136  5.6775230139
0.3361572990  0.1130017296 28.3825905589 -1.6427208072
8.3634180894 69.9467621388 16.8040217622 14.9966839406
1.1351170880  1.2884908034 21.4350071227 -0.6515280659
4.4388101798 19.7030358125  7.2091079508  6.5316927204
5.0018358662 25.0183620327  6.0994264980  7.2847062692
7.0917369204 50.2927325475 10.1643324917 11.5840668196
9.7646665599 95.3487130262 29.1282188679 17.7032093338
1.1585071789  1.3421388836 20.9039349972 -0.0761257153
6.1705640446 38.0758606282  6.5180886350  9.5184558101
4.0547666769 16.4411328037  7.2771230039  5.4416721186
6.0214473893 36.2578286622  7.8720519357  9.7192009737
1.8505752279  3.4246286742 16.2862574317  2.2656777183
8.9763994657 80.5757473681 22.6179788781 15.7629286028
3.5391511193 12.5255906452  9.0894978612  5.8903368613
9.1098588086 82.9895275133 23.0962849805 16.3548973933
5.6421718588 31.8341032846  5.7609034930  9.9444511269
2.3590325370  5.5650345105 12.6603685164  2.3215685295
5.8537906897 34.2668654388  7.2679252570  9.4630156898
9.3373898680 87.1868495462 24.1562582044 16.4965954565
6.5779278087 43.2691342567  7.7405383626 11.1664309558
3.7489541052 14.0546568829  8.1911375921  5.1065754864
8.6039194265 74.0274294986 18.8284711325 15.1444300892
9.6946655589 93.9865402998 27.1492346792 17.1073502864
3.3879690409 11.4783342219  9.4769694523  4.6127880317
7.7341635565 59.8172859189 12.7279506362 13.1659345238
6.6960149058 44.8366156185  9.1859688256 12.1055688266
0.0602574654  0.0036309621 30.7448200408 -2.3643726290
4.8887996894 23.9003624030  5.4852764824  6.8818596753
9.4954698238 90.1639471754 26.9315419784 16.4021277781
4.0092606538 16.0741709897  7.2823277672  5.8238461559
7.6820669095 59.0141520015 13.8086993093 13.5668154900
7.7624009272 60.2548681553 13.7122723928 13.3394459292
2.0037065828  4.0148400699 15.8925551888  1.8618467975
5.8733092598 34.4957616611  7.6982153314 10.3706111959
4.1384938331 17.1271312069  5.7625791122  7.1185115074
3.8828912861 15.0768447396  6.4124319515  5.8470945846
1.8304754076  3.3506402177 15.2078582486  1.6362496452
5.3375281622 28.4892068821  5.2873098651  7.7613550930
0.3647068852  0.1330111121 26.8020959013 -1.2280960972
9.5471784813 91.1486169530 26.3134960561 16.1215187673
7.2991003869 53.2768664579 10.9251832454 13.0700668765
7.2933957220 53.1936211584 11.5118063653 12.6833106206
7.4919629464 56.1295087901 12.6099211372 13.5936659852
2.6367407307  6.9524016807 12.0362816950  4.1625654224
1.8505216103  3.4244302301 16.1032073043  0.8348660046
2.1332148560  4.5506056219 14.6988136925  1.4540075035
2.6978962570  7.2786442136 10.8986505304  2.7054662708
7.2881008255 53.1164136422 11.0490537412 12.8412882127
2.0015506269  4.0062049122 14.6828623514  1.2051527566
8.6406944190 74.6616000421 20.0572190492 14.9553345063
5.1569884851 26.5945302358  6.2558282675  7.6150655297
8.5053774548 72.3414456485 18.3898333959 14.7340945525
1.7207116155  2.9608484638 17.3764952712  1.5052381648
7.2649249148 52.7791340178 10.6576034783 11.5794998109
7.7535661110 60.1177874379 12.9102123958 14.0785717394
7.4316830671 55.2299132098 12.5531793186 12.1214673170
5.5070021395 30.3270725642  6.0961324914  9.3750483804
2.6418903690  6.9795847217 10.7216058256  3.5143058489
3.8236749235 14.6204899206  6.3950715881  6.6330065362
5.3485997529 28.6075193168  5.3441401246  7.8558350544
6.1607719484 37.9551109996  6.7813061447 10.8189383900
2.9838439546  8.9033247455  9.9190636982  3.4812577805
6.7439671398 45.4810927830  9.0957044065 11.7976002794
0.0855089058  0.0073117730 30.6329592887 -1.9180972225
7.1767404127 51.5056029520 10.6869365114 11.7493490527
3.2980886852 10.8773889755  8.4479401862  4.5631039974
3.1996813593 10.2379608008  9.1080659728  4.3700875231
1.1855808920  1.4056020516 20.5869914191  1.3595334201
6.2202354799 38.6913294253  7.2361135367  9.5767308201
7.1302266683 50.8401323414 11.0890117038 11.8967583629
2.7276497203  7.4400729968 10.9462105520  4.2391760261
9.7702566106 95.4579142379 28.2431480962 16.9926084692
2.7653670327  7.6472548255 10.1715355895  2.5426602595
5.8385901109 34.0891344830  7.5158366398  8.8711308018
7.3446816294 53.9443482371 12.1094813921 11.9538919977
8.9147033989 79.4719366902 22.0807809547 15.0194166886
4.3363288693 18.8037480628  5.8221167315  7.1943780743
3.9321947420 15.4621554891  7.4821432489  5.9004977924
4.3546653620 18.9631104152  6.6367341662  7.0761388691
4.2866550387 18.3754114211  6.0820479498  6.7725563334
9.2919429259 86.3402033386 23.9003540290 17.0159897564
2.1232428814  4.5081603334 14.9676533490  1.7337704596
1.7168250898  2.9474883889 17.3818377875  2.0211267038
4.6168123921 21.3149566642  7.0861813786  7.6343313409
6.6017767360 43.5834560723  9.3618827375 11.4079832880
3.3215859293 11.0329330858  9.7234038065  5.2810756318
7.7755949205 60.4598763684 14.5189053966 14.2422681987
2.1795008505  4.7502239572 13.9571778801  3.3113705549
4.5758818409 20.9386946221  6.9029505124  7.5934031792
6.6219219891 43.8498508295  8.5686765299 12.0699679810
0.7096874339  0.5036562538 23.5188450291 -1.2129818170
3.3704799107 11.3601348283  9.4651194557  4.7915603515
7.9465698146 63.1479718181 15.5521192834 13.9562870572
7.8302191193 61.3123314569 14.1155053203 13.0274029229
4.7997914621 23.0379980794  6.5135108408  7.1642044061
6.6536101762 44.2705283766  8.5537856139 10.5715988629
6.3177907418 39.9144798570  8.4150761587 11.2991226388
8.6111094372 74.1512057391 19.8965866905 15.5557137948
1.9192564369  3.6835452707 16.4711772609  2.6946697850
7.4506044521 55.5115067022 11.1381458213 12.1947702415
9.8142284153 96.3190793883 30.1176331444 16.9643561185
8.5723693669 73.4855165619 17.9270971231 15.2791147027
4.9136644432 24.1440982602  5.2823393368  7.7982714248
9.8715700800 97.4478958449 29.6704011758 18.4490424588
1.9932629116  3.9730970348 15.0349388220  1.6282769747
6.8482594301 46.8986572220  9.8596964224 12.1857331671
4.2635589906 18.1779352665  6.0514515391  5.8769493989
2.7116485131  7.3530376585 10.9991887517  4.3602870380
3.8392891067 14.7401408449  6.7040024170  6.0971793453
4.5197772034 20.4283859680  5.5270934518  7.3394213194
9.5516458932 91.2339392698 25.8918309636 17.1259445164
8.9582925384 80.2510052037 21.9435474732 16.1098531363
1.0882714144  1.1843346714 22.1749016424  1.1498907023
7.0111235555 49.1558535103  9.4343183452 11.1137670468
6.4887258265 42.1035628519  8.3352364253 11.9618767630
7.9667635964 63.4693222004 15.5168007848 13.2724863584
0.5658420343  0.3201772078 25.1050484097 -1.2882810023
0.7701265728  0.5930949381 24.2332120372 -1.1284097037
0.8440465538  0.7124145850 23.4471108139  0.1335922503
5.2007151548 27.0474381215  7.0243830947  9.0676080887
4.7244915001 22.3208199345  5.5571827269  7.8908047519
3.4970757512 12.2295388095  9.1225371829  5.2212285057
9.3034833162 86.5548018151 24.6067180516 15.9774247613
2.4276269512  5.8933726140 12.6203607402  1.9294710371
9.8615626278 97.2504174621 29.6604400490 18.4501149548
1.2795254995  1.6371855039 19.6429185080  0.6223431135
8.1210822093 65.9519762505 14.8742541822 14.4421581974
8.8214404955 77.8178124159 19.9522826149 15.5084106896
7.6611992944 58.6939746287 13.4601103380 13.0476185341
6.4138793726 41.1378486059  7.2989434214 11.5606556714
5.5462397667 30.7607755499  6.5746794920  9.2211408187
8.4895345305 72.0721965443 18.4264249533 15.1825396852
0.8708371618  0.7583573624 23.4580113049  0.5872056934
6.2783249763 39.4173645084  7.3708657408  9.8012113643
4.9171362733 24.1782291298  5.7410304427  7.6472228321
1.3381637619  1.7906822536 19.1720478665  1.1864781393
0.8154653002  0.6649836558 23.8658327151 -0.7528071763
1.2805907626  1.6399127013 19.5716417491  1.0189788574
0.6543458572  0.4281685008 24.8105407433 -0.1263224937
9.7450840116 94.9666623940 29.1037577148 18.2727846615
1.5469404778  2.3930248419 17.5882033446  1.0747910168
7.9014667727 62.4331771601 15.2235471944 13.0566787126
5.7541339857 33.1100579255  7.2308714163  9.4384318468
7.8119623926 61.0267564235 13.0903926649 12.7915416311
0.9523054147  0.9068856029 21.6637124034 -0.9463586172
0.2153929555  0.0463941253 29.4057396262 -2.0377152875
