   -1.9764695  0.2124849471
  1.825035546 -0.2053129088
 0.8275709502 -0.0940683795
  2.861392392 -0.3047395908

-0.2141444147 -0.4794576934   0.201362413 -0.2080801772
-0.2378580483 -0.1352265729  0.4380649027  0.1367678712
 0.1572782347 -0.3897329729  0.3019968766  0.3305647783
 0.2894636806 -0.1810202321  0.1877827178 -0.1916812026

 -0.3043245008   0.2339911649   0.3561224296     0.38235762
  0.3145361258   -0.908419051   0.1566886123    1.057425786
 -0.8793203262   0.8244708838   0.3985889516  -0.7330570958
0.005861344049  -0.1984129956  -0.3229838454  0.01295643973

0.06135623137   1.552564426  -1.688125389 0.04550898679




  1.071767965
-0.4495888209
 -0.129822152
 -1.739526489

    1.2843071
 -1.803705602
-0.2492278622
  1.962730375

0.02489744703
 0.8866396031
 -1.048498061
  -0.13646095

1.064285662

