201
0 22.4902739
0.05 22.05963607
0.1 21.63361919
0.15 21.21222325
0.2 20.79544827
0.25 20.38329424
0.3 19.97576115
0.35 19.57284902
0.4 19.17455783
0.45 18.78088759
0.5 18.39183831
0.55 18.00740997
0.6 17.62760258
0.65 17.25241615
0.7 16.88185066
0.75 16.51590612
0.8 16.15458253
0.85 15.7978799
0.9 15.44579821
0.95 15.09833747
1 14.75549768
1.05 14.41727884
1.1 14.08368095
1.15 13.75470401
1.2 13.43034802
1.25 13.11061297
1.3 12.79549888
1.35 12.48500574
1.4 12.17913355
1.45 11.8778823
1.5 11.58125201
1.55 11.28924267
1.6 11.00185427
1.65 10.71908683
1.7 10.44094033
1.75 10.16741479
1.8 9.898510194
1.85 9.634226548
1.9 9.374563852
1.95 9.119522106
2 8.869101309
2.05 8.623301462
2.1 8.382122564
2.15 8.145564616
2.2 7.913627618
2.25 7.686311569
2.3 7.46361647
2.35 7.245542321
2.4 7.032089121
2.45 6.823256871
2.5 6.619045571
2.55 6.41945522
2.6 6.224485819
2.65 6.034137368
2.7 5.848409866
2.75 5.667303314
2.8 5.490817711
2.85 5.318953058
2.9 5.151709355
2.95 4.989086602
3 4.831084798
3.05 4.677703943
3.1 4.528944039
3.15 4.384805084
3.2 4.245287078
3.25 4.110390023
3.3 3.980113917
3.35 3.85445876
3.4 3.733424553
3.45 3.617011296
3.5 3.505218989
3.55 3.398047631
3.6 3.295497223
3.65 3.197567764
3.7 3.104259255
3.75 3.015571696
3.8 2.931505086
3.85 2.852059426
3.9 2.777234716
3.95 2.707030955
4 2.641448144
4.05 2.580486283
4.1 2.524145371
4.15 2.472425409
4.2 2.425326396
4.25 2.382848334
4.3 2.34499122
4.35 2.311755057
4.4 2.283139843
4.45 2.259145579
4.5 2.239772264
4.55 2.225019899
4.6 2.214888484
4.65 2.209378018
4.7 2.208488502
4.75 2.212219936
4.8 2.220572319
4.85 2.233545652
4.9 2.251139934
4.95 2.273355166
5 2.300191348
5.05 2.33164848
5.1 2.367726561
5.15 2.408425591
5.2 2.453745572
5.25 2.503686502
5.3 2.558248382
5.35 2.617431211
5.4 2.68123499
5.45 2.749659718
5.5 2.822705397
5.55 2.900372025
5.6 2.982659602
5.65 3.069568129
5.7 3.161097606
5.75 3.257248033
5.8 3.358019409
5.85 3.463411734
5.9 3.57342501
5.95 3.688059235
6 3.80731441
6.05 3.931190534
6.1 4.059687608
6.15 4.192805632
6.2 4.330544605
6.25 4.472904528
6.3 4.6198854
6.35 4.771487222
6.4 4.927709994
6.45 5.088553716
6.5 5.254018387
6.55 5.424104008
6.6 5.598810578
6.65 5.778138098
6.7 5.962086568
6.75 6.150655987
6.8 6.343846356
6.85 6.541657675
6.9 6.744089943
6.95 6.951143161
7 7.162817329
7.05 7.379112446
7.1 7.600028513
7.15 7.825565529
7.2 8.055723495
7.25 8.290502411
7.3 8.529902276
7.35 8.773923092
7.4 9.022564856
7.45 9.275827571
7.5 9.533711235
7.55 9.796215848
7.6 10.06334141
7.65 10.33508792
7.7 10.61145539
7.75 10.8924438
7.8 11.17805316
7.85 11.46828347
7.9 11.76313473
7.95 12.06260694
8 12.36670011
8.05 12.67541422
8.1 12.98874927
8.15 13.30670528
8.2 13.62928224
8.25 13.95648015
8.3 14.28829901
8.35 14.62473882
8.4 14.96579958
8.45 15.31148128
8.5 15.66178394
8.55 16.01670755
8.6 16.3762521
8.65 16.74041761
8.7 17.10920406
8.75 17.48261147
8.8 17.86063982
8.85 18.24328913
8.9 18.63055938
8.95 19.02245059
9 19.41896274
9.05 19.82009584
9.1 20.22584989
9.15 20.6362249
9.2 21.05122085
9.25 21.47083775
9.3 21.8950756
9.35 22.3239344
9.4 22.75741415
9.45 23.19551485
9.5 23.6382365
9.55 24.0855791
9.6 24.53754265
9.65 24.99412715
9.7 25.4553326
9.75 25.921159
9.8 26.39160634
9.85 26.86667464
9.9 27.34636389
9.95 27.83067408
10 28.31960523
